{"grand_challenge_username": "cake", "used_hardware_specification": {"CPU": "Intel Core i9 9900K 8x 3.60GHz", "GPU": "NVIDIA RTX 2080 Ti", "#GPUs": 1, "RAM_in_GB": 4, "additional_remarks": "special hardware requirements, other comments"}, "task_1_results": [{"dataset_id": "A130_R", "processing_time_in_seconds": 22.7, "candidates": [{"position": [14.006790363452817, 7.426059471585994, -20.94600114042375], "object_oriented_bounding_box": {"extent": [16.543307960143785, 11.711088088791131, 8.128737756728418], "orthogonal_offset_vectors": [[-0.5900672917058092, 0.5278393825802355, 0.6109060299721123], [0.11572549677922372, 0.8041603381494854, -0.5830383863370467], [0.7990170215046568, 0.2733344777824803, 0.5355931875978308]]}}, {"position": [24.439815429398504, 8.911348709944914, -17.381612927237313], "object_oriented_bounding_box": {"extent": [4.199100533947804, 3.6408634300585883, 3.5727977253865255], "orthogonal_offset_vectors": [[-0.5385935907440499, 0.8349261717481398, -0.11320438038974909], [0.5112315076605, 0.4306302890016323, 0.7437740918918481], [0.669745690232198, 0.3427183127940011, -0.6587752792045478]]}}, {"position": [12.757212064977072, 13.814114891808602, -30.704490778394945], "object_oriented_bounding_box": {"extent": [3.7478491197809234, 3.5864638858381443, 3.198041593635023], "orthogonal_offset_vectors": [[0.9273884833418856, -0.1959073479687996, -0.3187019171211066], [0.16738118851391218, 0.9791803811806855, -0.11484475975210037], [0.33456559700080846, 0.05316100189687037, 0.9408718133629117]]}}, {"position": [24.837867931769196, 9.418027659334268, -21.514657565081972], "object_oriented_bounding_box": {"extent": [4.072216132067469, 3.5079759546199676, 2.662677069483018], "orthogonal_offset_vectors": [[-0.5013296032230437, 0.8642953052281963, -0.040770752908491255], [-0.6707762889798521, -0.3584517405814671, 0.6492853916549598], [0.5465599684157667, 0.3528540421117715, 0.7594512663039942]]}}]}, {"dataset_id": "A118", "processing_time_in_seconds": 22.7, "candidates": [{"position": [-40.61781774122869, 23.57452114987426, -9.193807414974824], "object_oriented_bounding_box": {"extent": [7.003923718658736, 5.749366755756594, 4.4265664529392765], "orthogonal_offset_vectors": [[0.0949903543641788, -0.27487051193068873, -0.9567774214772885], [0.9465605914808152, 0.3225233432626221, 0.0013189792227606865], [-0.3082205042388601, 0.9057730922928005, -0.2908182010209834]]}}]}, {"dataset_id": "A120", "processing_time_in_seconds": 22.7, "candidates": [{"position": [13.21092623723593, 28.399848471462285, -17.924030243040733], "object_oriented_bounding_box": {"extent": [12.676428318086352, 9.664367086908698, 8.53804630844679], "orthogonal_offset_vectors": [[-0.1928350192304492, -0.06277993949023863, -0.9792207792709438], [-0.8285049564167709, 0.5451077953370118, 0.12820697584635166], [-0.5257320539507144, -0.8360120637050786, 0.1571293632276881]]}}]}, {"dataset_id": "A115", "processing_time_in_seconds": 22.7, "candidates": [{"position": [-13.910658604043928, 11.428637579280311, -7.678198010494297], "object_oriented_bounding_box": {"extent": [8.339343799728262, 5.921318174387535, 6.081196499684928], "orthogonal_offset_vectors": [[-0.8567486846528278, 0.37245889588440745, 0.3567296766771972], [0.20021225073982296, 0.8776433833154523, -0.4354964366975926], [-0.47528596234198184, -0.30168934783842494, -0.826490648102858]]}}, {"position": [-18.03538134140201, 18.161390902564474, -11.738023643804459], "object_oriented_bounding_box": {"extent": [7.796080120937525, 6.214209907609363, 5.621178586936367], "orthogonal_offset_vectors": [[-0.46330358077334766, 0.5752355722419591, 0.6741319073223433], [0.87398634454558, 0.42244453840808305, 0.24018426575659826], [0.14662080885893636, -0.7004603117926438, 0.6984681023589435]]}}]}, {"dataset_id": "A133", "processing_time_in_seconds": 22.7, "candidates": [{"position": [1.564247795839316, 21.073312789891474, 5.202686340659707], "object_oriented_bounding_box": {"extent": [8.164165955986853, 7.1597681959308765, 5.434471181562447], "orthogonal_offset_vectors": [[0.22500974330485993, -0.9456420044357616, -0.2348016500465787], [0.02512531495597171, -0.23526987918846842, 0.9716052709279662], [0.974032511760385, 0.22452011801475258, 0.029178461926517976]]}}]}, {"dataset_id": "A073", "processing_time_in_seconds": 22.7, "candidates": [{"position": [-0.5569521555969423, 23.233705140990747, -20.095677697854104], "object_oriented_bounding_box": {"extent": [6.437523150607262, 5.786393602848305, 5.431264918583176], "orthogonal_offset_vectors": [[-0.9242549279342045, 0.10158231883249016, -0.3680133974326927], [0.36236568779612505, 0.5368726209762478, -0.7618785317582688], [-0.12018292930936522, 0.8375254153437426, 0.5330171124419099]]}}]}, {"dataset_id": "A072", "processing_time_in_seconds": 22.7, "candidates": [{"position": [-11.456129910237085, 12.625076636107739, -23.264560623629034], "object_oriented_bounding_box": {"extent": [4.984629222651903, 4.456690420517546, 3.266752644459637], "orthogonal_offset_vectors": [[-0.09158796130842581, -0.2678710204008851, -0.9590916336684181], [0.6444771508039187, 0.7182778925161993, -0.26215657766714673], [-0.7591184673257724, 0.6421230299186255, -0.10685114418242946]]}}]}, {"dataset_id": "A077", "processing_time_in_seconds": 22.7, "candidates": [{"position": [0.31694666682042494, 30.84406956343525, -10.812776282983123], "object_oriented_bounding_box": {"extent": [8.265080306164615, 6.0274572276486, 5.429550185189531], "orthogonal_offset_vectors": [[-0.46866820096473116, 0.8667175186311046, 0.17073623019858267], [0.8678042368989908, 0.4878544480998006, -0.09441315527721313], [-0.1651239650221694, 0.1039171803273162, -0.9807830013862279]]}}]}, {"dataset_id": "A064", "processing_time_in_seconds": 22.7, "candidates": [{"position": [-5.933942960574415, 34.501969237967245, -3.4725325710427883], "object_oriented_bounding_box": {"extent": [5.022672348247376, 3.8681383660051942, 3.521198437776449], "orthogonal_offset_vectors": [[-0.6452027965299192, 0.6214013364473239, 0.44449266631908735], [-0.7638365215862081, -0.512203784924787, -0.392684416548206], [-0.01634379518514582, -0.5928808158223731, 0.8051243497676265]]}}]}]}