{"grand_challenge_username": "cake", "used_hardware_specification": {"CPU": "Intel Core i9 9900K 8x 3.60GHz", "GPU": "NVIDIA RTX 2080 Ti", "#GPUs": 1, "RAM_in_GB": 10, "additional_remarks": "special hardware requirements, other comments"}, "task_1_results": [{"dataset_id": "A130_R", "processing_time_in_seconds": 22.7, "candidates": [{"position": [14.160366362462243, 8.712364459353456, -39.17554802297174], "object_oriented_bounding_box": {"extent": [18.77021800831572, 10.478873980740158, 6.429522167378584], "orthogonal_offset_vectors": [[-0.19572166151711134, -0.08152397254124633, -0.9772649963618238], [0.4950180053194424, -0.8684726550712428, -0.026691230827118186], [0.8465519509294995, 0.4889878212129626, -0.21033474530580554]]}}]}, {"dataset_id": "A118", "processing_time_in_seconds": 22.7, "candidates": [{"position": [-4.165463878551773, 24.28984755422964, 1.9455082294264823], "object_oriented_bounding_box": {"extent": [26.811630198848015, 6.940488604273952, 5.704759414353839], "orthogonal_offset_vectors": [[-0.06762601720515135, 0.6080151558125042, 0.7910400066363681], [-0.5877848356490951, -0.6649345593513906, 0.4608373018334544], [-0.8061859021205561, 0.43379672899005195, -0.4023489643824085]]}}, {"position": [-17.840096010837776, 9.439619255741848, -25.741800469981083], "object_oriented_bounding_box": {"extent": [19.988916066071113, 10.025419615514927, 7.484842493449925], "orthogonal_offset_vectors": [[-0.36010773478381286, -0.6260309773900342, 0.6916701776836627], [-0.12482325080808425, -0.7024115958162059, -0.7007403985219015], [-0.9245223498686084, 0.3386785576487082, -0.17480062695087062]]}}]}, {"dataset_id": "A120", "processing_time_in_seconds": 22.7, "candidates": [{"position": [15.886611723758033, 19.091520829646353, -23.638004645811744], "object_oriented_bounding_box": {"extent": [46.7352068698013, 22.351234541807273, 16.036062039918164], "orthogonal_offset_vectors": [[-0.3238245939648739, 0.7596576105306456, 0.5639662641562476], [0.518215722458255, -0.35630540957911594, 0.7774952862247638], [0.7915744420713402, 0.5440282803931505, -0.27828606287760516]]}}]}, {"dataset_id": "A115", "processing_time_in_seconds": 22.7, "candidates": [{"position": [-15.092938367016158, 15.503215395653648, -10.457656065099982], "object_oriented_bounding_box": {"extent": [15.746451682664329, 10.942029066988686, 10.295427917291573], "orthogonal_offset_vectors": [[-0.784957974288511, 0.4817606009248277, 0.3895480740517482], [0.46533208126054953, 0.8735606854981457, -0.14268070262560145], [-0.40903182364041396, 0.06927086074648522, -0.9098870892043904]]}}]}, {"dataset_id": "A133", "processing_time_in_seconds": 22.7, "candidates": [{"position": [13.031608235021768, 21.2852115594621, -5.45566050829514], "object_oriented_bounding_box": {"extent": [16.558762809235656, 10.650834767620214, 7.37666342480632], "orthogonal_offset_vectors": [[-0.5176930806503816, -0.18541014207851284, -0.8352346696953757], [0.3413879073084065, -0.9399178660280946, -0.0029498923335795893], [0.7845050484160726, 0.28666615484849023, -0.5498857560203547]]}}, {"position": [2.370587344083294, 20.078038022870036, 8.1107712580139], "object_oriented_bounding_box": {"extent": [14.203143792941507, 7.899464902078693, 7.711130959700894], "orthogonal_offset_vectors": [[-0.12087560839596265, 0.4006157789461674, 0.9082379010778296], [0.05951910179867534, -0.9103755492409938, 0.40947995783095176], [-0.9908817103045071, -0.10355364312043601, -0.08619790705406126]]}}]}, {"dataset_id": "A073", "processing_time_in_seconds": 22.7, "candidates": [{"position": [2.373414528674776, 27.91597236601617, 25.17452856593894], "object_oriented_bounding_box": {"extent": [36.34878063125313, 18.155623427426086, 8.666122207225438], "orthogonal_offset_vectors": [[-0.14163399898477463, 0.11999574948144047, -0.982619372105989], [0.6434221834667438, 0.7655111661388437, 0.0007404995850755073], [-0.7522949582141759, 0.6321342219996755, 0.1856303348658196]]}}, {"position": [-32.58165228859872, -6.594190720165029, -51.43781679394897], "object_oriented_bounding_box": {"extent": [11.826033182473523, 7.709857627755122, 6.613184852404219], "orthogonal_offset_vectors": [[-0.1295564843336231, 0.9206227628475929, 0.36833252082048956], [0.01827361572107137, -0.36918336149230535, 0.9291769048817994], [0.9914036475299001, 0.1271116600635304, 0.031006991797064187]]}}]}, {"dataset_id": "A072", "processing_time_in_seconds": 22.7, "candidates": [{"position": [-13.861433700810903, 52.74975826628864, -32.264971991330185], "object_oriented_bounding_box": {"extent": [28.81319573198634, 16.945095480695723, 7.471619369952677], "orthogonal_offset_vectors": [[-0.3258352767452883, 0.0608808860651703, -0.9434643025256659], [-0.3382856383561358, -0.9393629672215505, 0.056214257041303985], [0.8828330529099503, -0.3374770118462054, -0.3266727217951522]]}}, {"position": [-20.421698026506135, 11.94286731659716, -21.229932446291578], "object_oriented_bounding_box": {"extent": [36.397947603172895, 27.31556671038372, 24.17452705665262], "orthogonal_offset_vectors": [[-0.6889592043321123, -0.24742655506996433, 0.6812600932186421], [0.5132691386928458, 0.4970936463252034, 0.6996089608121224], [0.5117518989037237, -0.831671814256876, 0.21548082824026207]]}}, {"position": [-43.54849842697433, 10.462778280553982, -4.178203303791354], "object_oriented_bounding_box": {"extent": [19.3755723471116, 17.263503071766856, 6.610578556235379], "orthogonal_offset_vectors": [[-0.5502238474848352, 0.6022206565114505, 0.5784323629690011], [0.7802249275339431, 0.12398942343240357, 0.6130870128550706], [-0.29749416820105545, -0.7886424435368778, 0.5380895056944935]]}}, {"position": [-53.55762628870122, -51.812678532732605, -15.540647846023314], "object_oriented_bounding_box": {"extent": [30.832245683479847, 15.847385675043476, 7.418588386422087], "orthogonal_offset_vectors": [[-0.13532010264742886, -0.2527399436758146, -0.9580245250985152], [0.525601602226326, 0.8013422758663419, -0.2856457817760848], [-0.8398996520755371, 0.5421928418746396, -0.024402800316641826]]}}]}, {"dataset_id": "A077", "processing_time_in_seconds": 22.7, "candidates": [{"position": [-1.7410182255314326, 23.37621685127241, -13.693967873443121], "object_oriented_bounding_box": {"extent": [16.38242537423623, 12.60969036739667, 7.201916636701477], "orthogonal_offset_vectors": [[0.24959919351624904, 0.1729220568999104, -0.9527844482534034], [0.18711512736482674, 0.9567700073432975, 0.22266360762268933], [0.9500990325788585, -0.23385704027420345, 0.20645268951240825]]}}]}, {"dataset_id": "A064", "processing_time_in_seconds": 22.7, "candidates": []}]}