{"grand_challenge_username": "cake", "used_hardware_specification": {"CPU": "Intel Core i9 9900K 8x 3.60GHz", "GPU": "NVIDIA RTX 2080 Ti", "#GPUs": 1, "RAM_in_GB": 4, "additional_remarks": "special hardware requirements, other comments"}, "task_1_results": [{"candidates": [{"position": [148.5999129037446, 104.24713666785209, 68.2419149902406], "object_oriented_bounding_box": {"extent": [9.180692176103962, 8.208334270687033, 6.0167063796773], "orthogonal_offset_vectors": [[-0.09158796130837563, 0.2678710204012619, 0.9590916336683176], [0.6444771508039355, -0.7182778925160936, 0.26215657766739475], [0.759118467325764, 0.6421230299185865, -0.10685114418272254]]}}], "dataset_id": "A072", "processing_time_in_seconds": 22.7}, {"candidates": [{"position": [128.52580278071432, 84.70816027390529, 74.07836488132688], "object_oriented_bounding_box": {"extent": [11.856632817079447, 10.657382145118131, 10.003305986690762], "orthogonal_offset_vectors": [[0.9242549279341945, 0.10158231883281389, 0.36801339743262845], [-0.36236568779616285, 0.5368726209767987, 0.7618785317578628], [-0.12018292930932811, -0.8375254153433503, 0.5330171124425346]]}}], "dataset_id": "A073", "processing_time_in_seconds": 22.7}, {"candidates": [{"position": [126.91625556600621, 70.69138791440348, 91.17561656932853], "object_oriented_bounding_box": {"extent": [15.222628346528571, 11.101373229568805, 10.000147790011983], "orthogonal_offset_vectors": [[0.46866820096478035, -0.8667175186310991, 0.1707362301984754], [-0.8678042368989777, -0.4878544480998292, -0.09441315527718816], [-0.1651239650220998, 0.10391718032722792, 0.980783001386249]]}}], "dataset_id": "A077", "processing_time_in_seconds": 22.7}, {"candidates": [{"position": [136.11028075948428, 77.09913125944713, 95.9550598746649], "object_oriented_bounding_box": {"extent": [16.713888208309484, 12.673747129866548, 10.447390234354163], "orthogonal_offset_vectors": [[0.7363596486379146, -0.6410700303031093, -0.21634159125100602], [0.4772353620240647, 0.7187847586615793, -0.505563922713612], [-0.4796049177099904, -0.26903101487186515, -0.8352253803288116]]}}], "dataset_id": "A084", "processing_time_in_seconds": 22.7}, {"candidates": [{"position": [153.12066487318978, 106.45073862048757, 96.94888413572005], "object_oriented_bounding_box": {"extent": [15.35940687987138, 10.905886277115414, 11.200350243164447], "orthogonal_offset_vectors": [[0.856748684652754, -0.37245889588466163, 0.35672967667710886], [-0.20021225073985705, -0.8776433833152208, -0.4354964366980435], [-0.47528596234210047, -0.30168934783878465, 0.8264906481026585]]}}, {"position": [160.71758092692096, 94.0503507485439, 89.4714955952242], "object_oriented_bounding_box": {"extent": [14.358823610252792, 11.445334393218392, 10.353089060075039], "orthogonal_offset_vectors": [[0.4633035807733732, 0.5752355722416603, -0.6741319073225802], [-0.8739863445455627, 0.4224445384080162, -0.2401842657567792], [0.14662080885895906, 0.7004603117929293, 0.6984681023586523]]}}], "dataset_id": "A115", "processing_time_in_seconds": 22.7}, {"candidates": [{"position": [202.30992168340197, 84.08044520694963, 94.15743410398878], "object_oriented_bounding_box": {"extent": [12.899829618963794, 10.589186082740145, 8.15285193466789], "orthogonal_offset_vectors": [[0.09499035436432073, 0.27487051193022943, 0.9567774214774063], [0.9465605914808359, -0.32252334326256027, -0.0013189792230755841], [0.3082205042387526, 0.9057730922929619, -0.29081820102059425]]}}], "dataset_id": "A118", "processing_time_in_seconds": 22.7}, {"candidates": [{"position": [103.16811862875578, 75.193155338502, 78.07810606710163], "object_oriented_bounding_box": {"extent": [23.347450950199725, 17.799835321467533, 15.725377243097991], "orthogonal_offset_vectors": [[0.1928350192304545, -0.06277993949037318, 0.9792207792709341], [0.8285049564167729, 0.5451077953370251, -0.1282069758462819], [-0.5257320539507093, 0.8360120637050598, 0.15712936322780513]]}}], "dataset_id": "A120", "processing_time_in_seconds": 22.7}, {"candidates": [{"position": [101.70229574997516, 113.82268864448734, 72.51223881102975], "object_oriented_bounding_box": {"extent": [30.469471483732093, 21.569486914260132, 14.971512582252673], "orthogonal_offset_vectors": [[0.5900672917057967, 0.5278393825802342, -0.6109060299721258], [-0.11572549677922132, 0.8041603381494898, 0.5830383863370406], [0.7990170215046665, -0.2733344777824695, 0.535593187597822]]}}, {"position": [82.48674584292196, 111.08708230733279, 79.07713050501805], "object_oriented_bounding_box": {"extent": [7.73390511043327, 6.705743780241941, 6.580380337056729], "orthogonal_offset_vectors": [[0.5385935907435552, -0.8349261717484744, -0.11320438038963367], [-0.511231507660919, -0.43063028900131034, 0.7437740918917465], [0.669745690232276, 0.3427183127935902, 0.6587752792046823]]}}, {"position": [104.00376957998715, 102.05716551381032, 54.539048535856324], "object_oriented_bounding_box": {"extent": [6.902790068082522, 6.60555067706645, 5.890154337681278], "orthogonal_offset_vectors": [[-0.9273884833417533, -0.19590734796992443, 0.3187019171208005], [-0.16738118851522032, 0.9791803811804958, 0.11484475975181235], [0.33456559700052074, -0.0531610018962225, 0.9408718133630505]]}}, {"position": [81.75361257844875, 110.15388080754668, 71.46488717150876], "object_oriented_bounding_box": {"extent": [7.500209366261588, 6.460991572690165, 4.904119734363674], "orthogonal_offset_vectors": [[0.5013296032231361, -0.8642953052281415, -0.0407707529085103], [0.6707762889795502, 0.3584517405813547, 0.6492853916553336], [0.546559968416052, 0.3528540421120196, -0.7594512663036737]]}}], "dataset_id": "A130_R", "processing_time_in_seconds": 22.7}, {"candidates": [{"position": [124.618975827647, 88.68717180497754, 120.67290229268626], "object_oriented_bounding_box": {"extent": [15.036764254386158, 13.186864042042206, 10.009211283179084], "orthogonal_offset_vectors": [[0.22500974330478057, 0.9456420044357121, 0.2348016500468541], [0.025125314955902117, 0.2352698791887648, -0.9716052709278964], [-0.9740325117604051, 0.22452011801465038, 0.029178461926632884]]}}], "dataset_id": "A133", "processing_time_in_seconds": 22.7}]}