{"grand_challenge_username": "cake", "used_hardware_specification": {"CPU": "Intel Core i9 9900K 8x 3.60GHz", "GPU": "NVIDIA RTX 2080 Ti", "#GPUs": 1, "RAM_in_GB": 4, "additional_remarks": "special hardware requirements, other comments"}, "task_1_results": [{"candidates": [{"position": [54.54233552076715, 62.19692456030454, 38.40539154502979], "object_oriented_bounding_box": {"extent": [19.181351410805323, 21.12147118735707, 12.10454961095709], "orthogonal_offset_vectors": [[0.743449837092094, -0.659434001684448, -0.11148604015828373], [0.28167474796151915, 0.15754555129164916, 0.9464875781694259], [0.6065819615588263, 0.7350688380625625, -0.3028731206640837]]}}, {"position": [50.02358288731103, 58.09679650995476, 35.47499845843489], "object_oriented_bounding_box": {"extent": [21.592626532891764, 4.903452200834357, 3.083244590158439], "orthogonal_offset_vectors": [[0.6237746981725862, -0.7615344472073894, -0.1759841232504656], [-0.2508427593607474, 0.01819755042143726, -0.9678567865314297], [-0.7402587628633551, -0.6478689179727604, 0.17967423056415055]]}}, {"position": [50.369831711013106, 57.515920026492815, 34.07953388950977], "object_oriented_bounding_box": {"extent": [18.96663101981668, 3.01418687909345, 2.674152919042928], "orthogonal_offset_vectors": [[0.7610282703274504, -0.4699490293913561, 0.4471955741468507], [-0.29920899198851464, -0.8659291151974188, -0.40080013294238365], [-0.5755953012973839, -0.17121529495795032, 0.7996095121350396]]}}, {"position": [44.12217774307841, 59.756557512580386, 38.56893914472126], "object_oriented_bounding_box": {"extent": [2.651174939211347, 2.336231411615922, 1.740280422974711], "orthogonal_offset_vectors": [[-0.9086802969802067, 0.32080827822253405, -0.26717441214281107], [-0.41690717262546695, -0.6633859402373286, 0.6213754933282087], [-0.022102653537585955, -0.6760185965780297, -0.73655300541595]]}}], "dataset_id": "A130_R", "processing_time_in_seconds": 22.7}, {"candidates": [{"position": [109.7757746344756, 45.97091803153453, 51.059912817361685], "object_oriented_bounding_box": {"extent": [6.334651851000347, 5.644539240898965, 4.114867527252498], "orthogonal_offset_vectors": [[0.05676961495330461, 0.47600274680433635, 0.8776095919329852], [0.9755675483710886, -0.21331224691314318, 0.05259129093386124], [0.21223847291025555, 0.8531818506928011, -0.4764824868398938]]}}], "dataset_id": "A118", "processing_time_in_seconds": 22.7}, {"candidates": [{"position": [55.99244125357894, 40.745821717954016, 42.08737388368033], "object_oriented_bounding_box": {"extent": [12.312763475518928, 8.667975699832057, 8.158976949436846], "orthogonal_offset_vectors": [[0.239260431936366, 0.40462921038215327, -0.8826265619247694], [0.8247312623648908, -0.5644289747161585, -0.0351891656462597], [-0.5124185697138982, -0.719510343640994, -0.4687558797561705]]}}], "dataset_id": "A120", "processing_time_in_seconds": 22.7}, {"candidates": [{"position": [84.80774341421441, 54.9010321110936, 49.91190794455045], "object_oriented_bounding_box": {"extent": [16.10633744034221, 6.278798120424263, 6.9276657076285595], "orthogonal_offset_vectors": [[0.5371822310251115, -0.6050965601237565, 0.587616714872272], [-0.7179936429937558, -0.6936371646140043, -0.05790174856427015], [-0.44262894086518906, 0.3908012753211559, 0.8070650431755294]]}}, {"position": [87.27979301380873, 51.23357115182972, 48.79576739847287], "object_oriented_bounding_box": {"extent": [7.459465463351346, 5.443281760072322, 5.018955729309807], "orthogonal_offset_vectors": [[0.31459981136488196, -0.8726528367461791, -0.37350232289508906], [-0.9417223935877308, -0.33630837899691196, -0.007457052491754712], [0.11910454275373365, -0.35408148883458473, 0.9275992707845926]]}}], "dataset_id": "A115", "processing_time_in_seconds": 22.7}, {"candidates": [{"position": [67.55286509771989, 48.25706685023048, 65.35756870901467], "object_oriented_bounding_box": {"extent": [7.87976936089339, 6.960866363360379, 5.114945480920515], "orthogonal_offset_vectors": [[0.2814788278422068, -0.9359748552791125, 0.21147278728437344], [0.04392224869745968, -0.20758512071968438, -0.9772303995093239], [-0.9585616858324433, -0.28435802774150504, 0.017320696089521765]]}}], "dataset_id": "A133", "processing_time_in_seconds": 22.7}, {"candidates": [{"position": [69.98819569286634, 46.13102884717203, 40.245568147567], "object_oriented_bounding_box": {"extent": [6.130359115785943, 5.71706969583774, 5.071195094985933], "orthogonal_offset_vectors": [[0.9869173117916371, 0.057072488609545426, 0.15078776717586187], [-0.15016580676503066, 0.6658350518435837, 0.7308309751338264], [-0.05868943827108992, -0.7439129080613976, 0.6656944757582554]]}}], "dataset_id": "A073", "processing_time_in_seconds": 22.7}, {"candidates": [{"position": [80.41074894952465, 56.84407937913516, 37.42710823120237], "object_oriented_bounding_box": {"extent": [4.196173978308471, 4.100467405744446, 3.2901553639279335], "orthogonal_offset_vectors": [[-0.1486547456726003, 0.316689467895712, 0.9368081700716243], [0.9812899193637897, -0.06997723372286604, 0.1793691191802605], [0.12235955518071179, 0.9459444844621835, -0.30036173453279996]]}}], "dataset_id": "A072", "processing_time_in_seconds": 22.7}, {"candidates": [{"position": [75.17905951701997, 34.789809756033414, 57.008213906020764], "object_oriented_bounding_box": {"extent": [4.4335478983403815, 3.7282694139682286, 2.4996829245267937], "orthogonal_offset_vectors": [[0.6342366717445849, -0.7636733561739208, 0.12061031997474951], [0.7670413859912895, 0.6019769199846796, -0.2219713945136186], [-0.09690901088605419, -0.23329550547710645, -0.9675649077624034]]}}], "dataset_id": "A084", "processing_time_in_seconds": 22.7}, {"candidates": [{"position": [68.40327921056426, 38.23191271497431, 49.23342148063911], "object_oriented_bounding_box": {"extent": [8.178599762180646, 5.625060063279024, 4.969776066484712], "orthogonal_offset_vectors": [[0.3237337812019544, -0.665413261795499, 0.6726229478209618], [-0.9184505993828703, -0.3917650983199417, 0.05448489911537511], [-0.2272552208463678, 0.6354095519938627, 0.7379768057554568]]}}], "dataset_id": "A077", "processing_time_in_seconds": 22.7}]}