{"grand_challenge_username": "cake", "used_hardware_specification": {"CPU": "Intel Core i9 9900K 8x 3.60GHz", "GPU": "NVIDIA RTX 2080 Ti", "#GPUs": 1, "RAM_in_GB": 4, "additional_remarks": "special hardware requirements, other comments"}, "task_1_results": [{"candidates": [{"position": [-9.330647009862574, 19.090342356513226, -15.445690480659607], "object_oriented_bounding_box": {"extent": [-17.26848189335367, 88.32353349009216, -26.602070294427737], "orthogonal_offset_vectors": [[0.5900672917057967, 0.5278393825802342, -0.6109060299721258], [-0.11572549677922132, 0.8041603381494898, 0.5830383863370406], [0.7990170215046665, -0.2733344777824695, 0.535593187597822]]}}, {"position": [-3.0338946343504727, -30.199935261115947, -7.589240777420594], "object_oriented_bounding_box": {"extent": [-36.50984219209716, -101.98232376819365, 4.037816766965662], "orthogonal_offset_vectors": [[0.5385935907435552, -0.8349261717484744, -0.11320438038963367], [-0.511231507660919, -0.43063028900131034, 0.7437740918917465], [0.669745690232276, 0.3427183127935902, 0.6587752792046823]]}}, {"position": [-24.4157808053556, 12.659560194785868, -23.236763268898898], "object_oriented_bounding_box": {"extent": [-90.8200340149173, 54.481560290135896, -25.33470350720347], "orthogonal_offset_vectors": [[-0.9273884833417533, -0.19590734796992443, 0.3187019171208005], [-0.16738118851522032, 0.9791803811804958, 0.11484475975181235], [0.33456559700052074, -0.0531610018962225, 0.9408718133630505]]}}, {"position": [7.01029755872416, -25.682878124467884, 21.441663133082443], "object_oriented_bounding_box": {"extent": [45.234151263724556, -53.0985560436317, 83.79834910165883], "orthogonal_offset_vectors": [[0.5013296032231361, -0.8642953052281415, -0.0407707529085103], [0.6707762889795502, 0.3584517405813547, 0.6492853916553336], [0.546559968416052, 0.3528540421120196, -0.7594512663036737]]}}], "dataset_id": "A130_R", "processing_time_in_seconds": 22.7}, {"candidates": [{"position": [35.500181669849816, -0.3331078749974772, 6.4789633393332196], "object_oriented_bounding_box": {"extent": [87.47307593480164, -14.37003816449883, 39.60219824899483], "orthogonal_offset_vectors": [[0.1928350192304545, -0.06277993949037318, 0.9792207792709341], [0.8285049564167729, 0.5451077953370251, -0.1282069758462819], [-0.5257320539507093, 0.8360120637050598, 0.15712936322780513]]}}], "dataset_id": "A118", "processing_time_in_seconds": 22.7}, {"candidates": [{"position": [13.55841759155241, 24.877341286408175, -5.959670692729179], "object_oriented_bounding_box": {"extent": [100.25329215925484, 20.95224190974971, 1.1076642399484626], "orthogonal_offset_vectors": [[0.7363596486379146, -0.6410700303031093, -0.21634159125100602], [0.4772353620240647, 0.7187847586615793, -0.505563922713612], [-0.4796049177099904, -0.26903101487186515, -0.8352253803288116]]}}], "dataset_id": "A120", "processing_time_in_seconds": 22.7}, {"candidates": [{"position": [-24.832622933472315, -16.44575298546411, -13.462958826148256], "object_oriented_bounding_box": {"extent": [-17.21029900907223, -89.37092001995956, -49.39054999871163], "orthogonal_offset_vectors": [[0.46866820096478035, -0.8667175186310991, 0.1707362301984754], [-0.8678042368989777, -0.4878544480998292, -0.09441315527718816], [-0.1651239650220998, 0.10391718032722792, 0.980783001386249]]}}], "dataset_id": "A115", "processing_time_in_seconds": 22.7}, {"candidates": [{"position": [-8.474740601533648, -27.075788805311568, -5.191886545871762], "object_oriented_bounding_box": {"extent": [-7.4489038518157855, -65.94667760110133, 84.68856153481272], "orthogonal_offset_vectors": [[-0.09158796130837563, 0.2678710204012619, 0.9590916336683176], [0.6444771508039355, -0.7182778925160936, 0.26215657766739475], [0.759118467325764, 0.6421230299185865, -0.10685114418272254]]}}], "dataset_id": "A133", "processing_time_in_seconds": 22.7}, {"candidates": [{"position": [-6.5187059057182175, 29.24760449310262, 6.784955206038976], "object_oriented_bounding_box": {"extent": [41.64032458932244, 86.4046392930993, 42.18532339506318], "orthogonal_offset_vectors": [[0.9242549279341945, 0.10158231883281389, 0.36801339743262845], [-0.36236568779616285, 0.5368726209767987, 0.7618785317578628], [-0.12018292930932811, -0.8375254153433503, 0.5330171124425346]]}}], "dataset_id": "A073", "processing_time_in_seconds": 22.7}, {"candidates": [{"position": [-10.556751983835111, -2.532689056709736, -16.28543453823023], "object_oriented_bounding_box": {"extent": [65.26720802923694, -61.87424056067724, -50.67367471712642], "orthogonal_offset_vectors": [[0.856748684652754, -0.37245889588466163, 0.35672967667710886], [-0.20021225073985705, -0.8776433833152208, -0.4354964366980435], [-0.47528596234210047, -0.30168934783878465, 0.8264906481026585]]}}, {"position": [-25.949702923940436, -10.92443221120864, -0.4024894160139869], "object_oriented_bounding_box": {"extent": [-34.630081408880436, 23.643644360646512, -94.74887743121832], "orthogonal_offset_vectors": [[0.4633035807733732, 0.5752355722416603, -0.6741319073225802], [-0.8739863445455627, 0.4224445384080162, -0.2401842657567792], [0.14662080885895906, 0.7004603117929293, 0.6984681023586523]]}}], "dataset_id": "A072", "processing_time_in_seconds": 22.7}, {"candidates": [{"position": [-1.6149627188766236, 5.510572243645949, -15.490623664804732], "object_oriented_bounding_box": {"extent": [54.82781693765618, 46.07145396399369, -36.85681209469182], "orthogonal_offset_vectors": [[0.22500974330478057, 0.9456420044357121, 0.2348016500468541], [0.025125314955902117, 0.2352698791887648, -0.9716052709278964], [-0.9740325117604051, 0.22452011801465038, 0.029178461926632884]]}}], "dataset_id": "A084", "processing_time_in_seconds": 22.7}, {"candidates": [{"position": [15.62269182544058, -27.095477105298922, -36.21957869512986], "object_oriented_bounding_box": {"extent": [48.76834933306844, -53.993089644716065, 75.70246351623766], "orthogonal_offset_vectors": [[0.09499035436432073, 0.27487051193022943, 0.9567774214774063], [0.9465605914808359, -0.32252334326256027, -0.0013189792230755841], [0.3082205042387526, 0.9057730922929619, -0.29081820102059425]]}}], "dataset_id": "A077", "processing_time_in_seconds": 22.7}]}