{
    "grand_challenge_username": "ICM",
    "used_hardware_specification": {
        "CPU": "Intel Core i9 9900K 8x 3.60GHz",
        "GPU": "NVIDIA RTX 2080 Ti",
        "#GPUs": 1,
        "RAM_in_GB": 4,
        "additional_remarks": "special hardware requirements, other comments"
    },
    "task_1_results": [
        {
            "dataset_id": "A047",
            "processing_time_in_seconds": 22,
            "candidates": [
                {
                    "position": [
                        15.564304533019378,
                        18.777982482621223,
                        -13.275712659338865
                    ],
                    "object_oriented_bounding_box": {
                        "extent": [
                            14.931660193070032,
                            9.093483633967697,
                            8.598193754154721
                        ],
                        "orthogonal_offset_vectors": [
                            [
                                -0.650205896491759,
                                0.7042838225467566,
                                0.2849852442956942
                            ],
                            [
                                0.7270729285492535,
                                0.6856382160562046,
                                -0.03556955515713969
                            ],
                            [
                                -0.2204478367735994,
                                0.1840775216646338,
                                -0.9578717123287684
                            ]
                        ]
                    }
                }
            ]
        },
        {
            "dataset_id": "A016",
            "processing_time_in_seconds": 22,
            "candidates": [
                {
                    "position": [
                        5.955630573675742,
                        19.631049723415185,
                        0.4034825437875561
                    ],
                    "object_oriented_bounding_box": {
                        "extent": [
                            11.463992099854508,
                            6.3802170612960785,
                            5.834379928603326
                        ],
                        "orthogonal_offset_vectors": [
                            [
                                0.8527249216034172,
                                -0.14023924701209683,
                                -0.5031830299939832
                            ],
                            [
                                -0.2813110878822404,
                                -0.9349560863712648,
                                -0.21615084638242457
                            ],
                            [
                                0.4401412045139106,
                                -0.3258681791074549,
                                0.8367112105943338
                            ]
                        ]
                    }
                }
            ]
        },
        {
            "dataset_id": "A129",
            "processing_time_in_seconds": 22,
            "candidates": [
                {
                    "position": [
                        20.955457511955306,
                        6.772497108669206,
                        -33.43082765714573
                    ],
                    "object_oriented_bounding_box": {
                        "extent": [
                            10.100312062976734,
                            7.746813514121072,
                            7.733863298889273
                        ],
                        "orthogonal_offset_vectors": [
                            [
                                -0.645645957719922,
                                0.1782320895921173,
                                0.7425460386531951
                            ],
                            [
                                0.7221654109589473,
                                -0.17357639945757725,
                                0.6695881964057006
                            ],
                            [
                                0.2482305712325137,
                                0.9685579775062364,
                                -0.016644149560999924
                            ]
                        ]
                    }
                }
            ]
        },
        {
            "dataset_id": "A046",
            "processing_time_in_seconds": 22,
            "candidates": [
                {
                    "position": [
                        -0.7073731514729789,
                        18.23851079235546,
                        -4.178713445263404
                    ],
                    "object_oriented_bounding_box": {
                        "extent": [
                            8.976582646644275,
                            6.689594364821156,
                            6.471494164237971
                        ],
                        "orthogonal_offset_vectors": [
                            [
                                0.853661246400181,
                                0.03084167131903661,
                                0.5199146734847351
                            ],
                            [
                                -0.3799005811240827,
                                -0.6459976988818534,
                                0.6620895116983312
                            ],
                            [
                                0.35628362978963046,
                                -0.7627160443766727,
                                -0.5397464319421919
                            ]
                        ]
                    }
                }
            ]
        },
        {
            "dataset_id": "A014",
            "processing_time_in_seconds": 22,
            "candidates": [
                {
                    "position": [
                        -5.069991687171897,
                        24.418089864759004,
                        11.258420149551903
                    ],
                    "object_oriented_bounding_box": {
                        "extent": [
                            6.583022242778795,
                            4.858999421250344,
                            4.7233787232196525
                        ],
                        "orthogonal_offset_vectors": [
                            [
                                0.04646889803821079,
                                -0.8070097193310087,
                                -0.5887070191703181
                            ],
                            [
                                -0.6743775558264772,
                                -0.4601150474657038,
                                0.5775024288201217
                            ],
                            [
                                -0.7369230310640461,
                                0.3701748992043091,
                                -0.565610281277187
                            ]
                        ]
                    }
                }
            ]
        },
        {
            "dataset_id": "A045",
            "processing_time_in_seconds": 22,
            "candidates": [
                {
                    "position": [
                        -5.002562040997862,
                        -10.282667521044525,
                        -18.905191122107116
                    ],
                    "object_oriented_bounding_box": {
                        "extent": [
                            25.03237679302327,
                            23.421005466315982,
                            20.700692197496362
                        ],
                        "orthogonal_offset_vectors": [
                            [
                                -0.2861280490466827,
                                -0.3071248452503348,
                                0.9076370799932633
                            ],
                            [
                                -0.23801621444169865,
                                0.9403319082789129,
                                0.24315465024420443
                            ],
                            [
                                0.928158941782916,
                                0.14645897617591128,
                                0.3421560273996667
                            ]
                        ]
                    }
                }
            ]
        },
        {
            "dataset_id": "A096_L",
            "processing_time_in_seconds": 22,
            "candidates": [
                {
                    "position": [
                        -11.10108802110397,
                        4.946758847284401,
                        -34.289818982693596
                    ],
                    "object_oriented_bounding_box": {
                        "extent": [
                            12.807378529922168,
                            6.483226985164559,
                            5.169146578818798
                        ],
                        "orthogonal_offset_vectors": [
                            [
                                -0.1842074771109327,
                                -0.9787820689223824,
                                -0.08973999628062057
                            ],
                            [
                                0.9708790919607841,
                                -0.19542533151331284,
                                0.13857391022957868
                            ],
                            [
                                -0.15317112707631528,
                                -0.06160033570470547,
                                0.9862778535844952
                            ]
                        ]
                    }
                }
            ]
        },
        {
            "dataset_id": "A062_L",
            "processing_time_in_seconds": 22,
            "candidates": [
                {
                    "position": [
                        -8.20113508684511,
                        17.687554774858075,
                        -5.314202243153007
                    ],
                    "object_oriented_bounding_box": {
                        "extent": [
                            8.35672143169604,
                            6.447470728864042,
                            5.795926567710394
                        ],
                        "orthogonal_offset_vectors": [
                            [
                                -0.32960142822336524,
                                0.5006391926614248,
                                0.8004519331505388
                            ],
                            [
                                0.23974970494875572,
                                0.8644197244055974,
                                -0.44192603344398707
                            ],
                            [
                                0.9131719320533798,
                                -0.0462486630062782,
                                0.4049420744748925
                            ]
                        ]
                    }
                }
            ]
        },
        {
            "dataset_id": "A038_R",
            "processing_time_in_seconds": 22,
            "candidates": [
                {
                    "position": [
                        13.972084900248776,
                        8.232250635086672,
                        -4.833650098845639
                    ],
                    "object_oriented_bounding_box": {
                        "extent": [
                            6.274779491249539,
                            5.563956067899106,
                            4.863806599459834
                        ],
                        "orthogonal_offset_vectors": [
                            [
                                -0.625720691578453,
                                -0.5737129308350751,
                                0.5285140387191352
                            ],
                            [
                                -0.002124371596528157,
                                0.6787919240009475,
                                0.7343275910357808
                            ],
                            [
                                0.7800442956498704,
                                -0.45836120789582685,
                                0.4259529315785685
                            ]
                        ]
                    }
                },
                {
                    "position": [
                        11.315571650175997,
                        13.571488701749328,
                        2.031264681528839
                    ],
                    "object_oriented_bounding_box": {
                        "extent": [
                            6.931556918157964,
                            5.535098484911175,
                            4.267882882206006
                        ],
                        "orthogonal_offset_vectors": [
                            [
                                -0.40571309086389357,
                                0.7757033746392644,
                                -0.48340579482968876
                            ],
                            [
                                0.7225008116425178,
                                0.5961199705681123,
                                0.3501907449744728
                            ],
                            [
                                0.5598119908304654,
                                -0.2071841095816238,
                                -0.8022999935555906
                            ]
                        ]
                    }
                },
                {
                    "position": [
                        5.692483709867979,
                        11.013605971910145,
                        5.197612777044854
                    ],
                    "object_oriented_bounding_box": {
                        "extent": [
                            6.9621164429206335,
                            4.548906996062385,
                            3.7722148836398666
                        ],
                        "orthogonal_offset_vectors": [
                            [
                                0.9124387115838649,
                                0.09036815617955193,
                                -0.3991105034346815
                            ],
                            [
                                -0.09326274600722471,
                                0.9955667268462514,
                                0.012204614038676174
                            ],
                            [
                                -0.39844404602198374,
                                -0.02608617920181648,
                                -0.9168216039362739
                            ]
                        ]
                    }
                }
            ]
        },
        {
            "dataset_id": "A133",
            "processing_time_in_seconds": 22,
            "candidates": [
                {
                    "position": [
                        1.5403397238979941,
                        21.01118678841834,
                        5.1951522387844165
                    ],
                    "object_oriented_bounding_box": {
                        "extent": [
                            8.216407040840696,
                            7.190023853634338,
                            5.451580310791829
                        ],
                        "orthogonal_offset_vectors": [
                            [
                                -0.2348633512159305,
                                0.9419847228039796,
                                0.23979989211743227
                            ],
                            [
                                -0.08189349130979869,
                                0.22664771920863552,
                                -0.9705278293066179
                            ],
                            [
                                -0.9685724868778355,
                                -0.24757946882048443,
                                0.02391117483212342
                            ]
                        ]
                    }
                }
            ]
        },
        {
            "dataset_id": "A015",
            "processing_time_in_seconds": 22,
            "candidates": [
                {
                    "position": [
                        17.243628936772193,
                        25.601716068896618,
                        -9.952960069213624
                    ],
                    "object_oriented_bounding_box": {
                        "extent": [
                            8.247741702671654,
                            7.6397326580286595,
                            7.095891571712423
                        ],
                        "orthogonal_offset_vectors": [
                            [
                                0.09555994513728086,
                                -0.9172254614333536,
                                -0.3867373136687642
                            ],
                            [
                                0.5223094177663753,
                                -0.28453320449284003,
                                0.8038866385589363
                            ],
                            [
                                -0.8473849001474535,
                                -0.2788159042081494,
                                0.4518855193106794
                            ]
                        ]
                    }
                }
            ]
        },
        {
            "dataset_id": "A044",
            "processing_time_in_seconds": 22,
            "candidates": [
                {
                    "position": [
                        -14.94943087460076,
                        21.3529220841985,
                        -16.250167259465854
                    ],
                    "object_oriented_bounding_box": {
                        "extent": [
                            13.112424599440502,
                            9.24511713451839,
                            7.213622798451677
                        ],
                        "orthogonal_offset_vectors": [
                            [
                                0.20177764240133642,
                                -0.8935593750220439,
                                0.40104541680110606
                            ],
                            [
                                0.2579846210750528,
                                0.443496578427009,
                                0.8583441735179987
                            ],
                            [
                                0.9448437533876805,
                                0.06973111381406552,
                                -0.3200122707811839
                            ]
                        ]
                    }
                }
            ]
        },
        {
            "dataset_id": "A013",
            "processing_time_in_seconds": 22,
            "candidates": [
                {
                    "position": [
                        -36.857204533054606,
                        26.41150998804425,
                        -13.739688806730905
                    ],
                    "object_oriented_bounding_box": {
                        "extent": [
                            5.946917586504023,
                            5.436487518219498,
                            5.402642972248094
                        ],
                        "orthogonal_offset_vectors": [
                            [
                                0.8203786971743724,
                                -0.5604305193862227,
                                0.11356243288591611
                            ],
                            [
                                0.5179071018278049,
                                0.644047078357866,
                                -0.563005856750195
                            ],
                            [
                                0.24238611160461132,
                                0.5206928017547255,
                                0.8186134491333571
                            ]
                        ]
                    }
                }
            ]
        },
        {
            "dataset_id": "A042",
            "processing_time_in_seconds": 22,
            "candidates": [
                {
                    "position": [
                        -5.8796151952032485,
                        22.480570054123447,
                        -6.664153600705274
                    ],
                    "object_oriented_bounding_box": {
                        "extent": [
                            8.1403065530051,
                            6.316976501263907,
                            5.776124150424822
                        ],
                        "orthogonal_offset_vectors": [
                            [
                                0.29713431530626155,
                                -0.7149091602714034,
                                -0.6329424075123388
                            ],
                            [
                                0.9544456605982646,
                                0.24132582538977815,
                                0.17548597369899385
                            ],
                            [
                                0.027288818820551185,
                                -0.6562520388996738,
                                0.7540481296359008
                            ]
                        ]
                    }
                }
            ]
        },
        {
            "dataset_id": "A135",
            "processing_time_in_seconds": 22,
            "candidates": [
                {
                    "position": [
                        -24.393339539352827,
                        22.486565034374173,
                        -29.813808108685688
                    ],
                    "object_oriented_bounding_box": {
                        "extent": [
                            17.321402705394675,
                            11.119337890842065,
                            8.952714328848858
                        ],
                        "orthogonal_offset_vectors": [
                            [
                                -0.6582028853504864,
                                -0.44949609048024464,
                                -0.6039223678249299
                            ],
                            [
                                0.2255675188472432,
                                0.647588572606824,
                                -0.7278381242214197
                            ],
                            [
                                -0.7182536154850825,
                                0.6152904235172458,
                                0.3248529491486497
                            ]
                        ]
                    }
                }
            ]
        },
        {
            "dataset_id": "A105_L",
            "processing_time_in_seconds": 22,
            "candidates": [
                {
                    "position": [
                        -27.753902626711053,
                        27.836428274551242,
                        -19.88697791351795
                    ],
                    "object_oriented_bounding_box": {
                        "extent": [
                            5.320435030251504,
                            4.037533461055623,
                            3.6831798386463905
                        ],
                        "orthogonal_offset_vectors": [
                            [
                                -0.9565526431925729,
                                -0.17762473436395992,
                                -0.23120660575215998
                            ],
                            [
                                -0.03026885815358256,
                                0.8492139651045273,
                                -0.527180649965005
                            ],
                            [
                                -0.2899842013410048,
                                0.4972776842103213,
                                0.8176943608458114
                            ]
                        ]
                    }
                },
                {
                    "position": [
                        -4.472242488951574,
                        52.74108687056355,
                        -2.163569262371293
                    ],
                    "object_oriented_bounding_box": {
                        "extent": [
                            3.321232382801858,
                            3.3188041722269404,
                            2.402320525954824
                        ],
                        "orthogonal_offset_vectors": [
                            [
                                0.2857037003881212,
                                0.9581621590146436,
                                0.017282147347238215
                            ],
                            [
                                0.9242732972743454,
                                -0.2707450242910139,
                                -0.2691022180645644
                            ],
                            [
                                -0.2531645068530435,
                                0.09285692679631007,
                                -0.9629565533375845
                            ]
                        ]
                    }
                }
            ]
        },
        {
            "dataset_id": "A134",
            "processing_time_in_seconds": 22,
            "candidates": [
                {
                    "position": [
                        -11.83894098273772,
                        -17.832802363430925,
                        20.60063811477208
                    ],
                    "object_oriented_bounding_box": {
                        "extent": [
                            9.413630466360694,
                            7.406653762749608,
                            7.236132361869288
                        ],
                        "orthogonal_offset_vectors": [
                            [
                                0.4327787228185392,
                                -0.8681421248682736,
                                -0.24296466431305005
                            ],
                            [
                                -0.6033063155820948,
                                -0.47917248508069343,
                                0.6375070345653852
                            ],
                            [
                                0.669868693591746,
                                0.12931736376369504,
                                0.7311312828588967
                            ]
                        ]
                    }
                }
            ]
        },
        {
            "dataset_id": "A012",
            "processing_time_in_seconds": 22,
            "candidates": [
                {
                    "position": [
                        -30.63175575715949,
                        29.614831623461672,
                        -10.322114513757256
                    ],
                    "object_oriented_bounding_box": {
                        "extent": [
                            6.575326971093821,
                            5.366123162397413,
                            4.59306166002378
                        ],
                        "orthogonal_offset_vectors": [
                            [
                                -0.9726374622762785,
                                -0.22026794988433723,
                                -0.07388096663222832
                            ],
                            [
                                0.2193952018343478,
                                -0.9754345499591334,
                                0.0198288718309549
                            ],
                            [
                                -0.07643371238417711,
                                0.003077173991466935,
                                0.9970699166113673
                            ]
                        ]
                    }
                }
            ]
        },
        {
            "dataset_id": "A043",
            "processing_time_in_seconds": 22,
            "candidates": [
                {
                    "position": [
                        -9.18914332253935,
                        21.46585155880521,
                        -13.195370440940671
                    ],
                    "object_oriented_bounding_box": {
                        "extent": [
                            5.547592148804565,
                            5.1691634652944565,
                            4.616599642523722
                        ],
                        "orthogonal_offset_vectors": [
                            [
                                0.8690989577558117,
                                0.4688845075368369,
                                0.15752561766169854
                            ],
                            [
                                -0.12929498065418357,
                                0.5227422811424859,
                                -0.8426288123981902
                            ],
                            [
                                0.4774408964525306,
                                -0.7119605509421769,
                                -0.5149391850468517
                            ]
                        ]
                    }
                }
            ]
        },
        {
            "dataset_id": "A040",
            "processing_time_in_seconds": 22,
            "candidates": [
                {
                    "position": [
                        33.31937581053504,
                        13.572291899461831,
                        -24.519632775555685
                    ],
                    "object_oriented_bounding_box": {
                        "extent": [
                            8.268128427836231,
                            7.115248034097725,
                            6.190567953942913
                        ],
                        "orthogonal_offset_vectors": [
                            [
                                0.21832393942271347,
                                0.5028021585895263,
                                -0.8363759004136001
                            ],
                            [
                                0.9605708884841223,
                                -0.26191832825115297,
                                0.0932864273243722
                            ],
                            [
                                -0.17215756060008358,
                                -0.8237650020751272,
                                -0.5401601574388787
                            ]
                        ]
                    }
                }
            ]
        },
        {
            "dataset_id": "A137",
            "processing_time_in_seconds": 22,
            "candidates": [
                {
                    "position": [
                        25.455934756763863,
                        30.152230139977355,
                        -16.8184335961298
                    ],
                    "object_oriented_bounding_box": {
                        "extent": [
                            10.958926509982064,
                            7.1051253111656205,
                            5.940533284067296
                        ],
                        "orthogonal_offset_vectors": [
                            [
                                -0.6503936970569391,
                                0.21760601421627263,
                                0.7277607171354565
                            ],
                            [
                                -0.4598304478233312,
                                -0.8753828743197863,
                                -0.14920047788872512
                            ],
                            [
                                0.6046023470705362,
                                -0.43168558688533576,
                                0.6694053749352944
                            ]
                        ]
                    }
                }
            ]
        },
        {
            "dataset_id": "A008",
            "processing_time_in_seconds": 22,
            "candidates": [
                {
                    "position": [
                        11.613639628024236,
                        52.99636131384148,
                        -1.5211482167659458
                    ],
                    "object_oriented_bounding_box": {
                        "extent": [
                            7.810440093006138,
                            6.559378105474746,
                            4.633321170897722
                        ],
                        "orthogonal_offset_vectors": [
                            [
                                -0.1498071850304197,
                                0.9753659093296314,
                                0.16192328501744988
                            ],
                            [
                                0.9852847860365651,
                                0.133641161790114,
                                0.10655482288600363
                            ],
                            [
                                -0.08229032578706101,
                                -0.175503227300723,
                                0.9810335975331782
                            ]
                        ]
                    }
                }
            ]
        },
        {
            "dataset_id": "A136",
            "processing_time_in_seconds": 22,
            "candidates": [
                {
                    "position": [
                        10.984125395493159,
                        11.291176794916524,
                        -21.175763984511622
                    ],
                    "object_oriented_bounding_box": {
                        "extent": [
                            9.75042601725914,
                            6.442662229441431,
                            5.551167502529863
                        ],
                        "orthogonal_offset_vectors": [
                            [
                                0.01568500218624386,
                                -0.47658500733401293,
                                -0.87898845924782
                            ],
                            [
                                0.25019858462930195,
                                0.8530002923276252,
                                -0.45802966010781465
                            ],
                            [
                                -0.9680674816126775,
                                0.21273747218913977,
                                -0.13262020574054095
                            ]
                        ]
                    }
                }
            ]
        },
        {
            "dataset_id": "A041",
            "processing_time_in_seconds": 22,
            "candidates": [
                {
                    "position": [
                        0.041998007539432725,
                        7.550628015693807,
                        -40.060672520201756
                    ],
                    "object_oriented_bounding_box": {
                        "extent": [
                            17.246436215650995,
                            15.975003818941087,
                            11.934938209892213
                        ],
                        "orthogonal_offset_vectors": [
                            [
                                -0.45457418349679524,
                                0.49839136106228193,
                                -0.738219725364141
                            ],
                            [
                                0.5515767452194095,
                                -0.4932544520019291,
                                -0.6726538037604775
                            ],
                            [
                                -0.6993750108714096,
                                -0.7129558869935522,
                                -0.05068034500526898
                            ]
                        ]
                    }
                }
            ]
        },
        {
            "dataset_id": "A010",
            "processing_time_in_seconds": 22,
            "candidates": [
                {
                    "position": [
                        18.645452774200667,
                        19.86190273836044,
                        -19.194802938430104
                    ],
                    "object_oriented_bounding_box": {
                        "extent": [
                            23.6850035799107,
                            20.45430457966479,
                            17.51607021263561
                        ],
                        "orthogonal_offset_vectors": [
                            [
                                -0.06681384598662224,
                                0.8882708069849902,
                                -0.4544346855629642
                            ],
                            [
                                0.8155266506629875,
                                0.3110205913207182,
                                0.48803941831876635
                            ],
                            [
                                0.5748497125709336,
                                -0.33799580653130123,
                                -0.7451889979893489
                            ]
                        ]
                    }
                }
            ]
        },
        {
            "dataset_id": "A078_R",
            "processing_time_in_seconds": 22,
            "candidates": [
                {
                    "position": [
                        22.00766903777665,
                        15.986494718735885,
                        -27.93118640662954
                    ],
                    "object_oriented_bounding_box": {
                        "extent": [
                            4.880646301227917,
                            4.7108904519087895,
                            4.209101267845558
                        ],
                        "orthogonal_offset_vectors": [
                            [
                                0.6503585797942498,
                                0.518442971866452,
                                0.5552032083933662
                            ],
                            [
                                -0.6540697178781409,
                                0.7538716398534882,
                                0.06221217549179432
                            ],
                            [
                                -0.38629848801518174,
                                -0.40360182797764194,
                                0.8293847373868721
                            ]
                        ]
                    }
                }
            ]
        },
        {
